prac_1/FV_10m_DEM_filled_sml.asc
ncols        110
nrows        211
xllcorner    498130.000000000000
yllcorner    485365.000000000000
cellsize     10.000000000000
[rows 144 to 161 of 211, columns 0 to 39 of 110]
80.356072017124716922 79.484375119209289551 78.547031521797180176 77.753905534744262695 77.366718173027038574 77.876719474792480469 79.604999780654907227 81.803593754768371582 85.69546973705291748 90.768125414848327637 91.191873788833618164 90.947655677795410156 90.707499265670776367 90.466719269752502441 90.225157618522644043 89.982500076293945312 89.74093782901763916 89.511249303817749023 89.305155634880065918 89.118905544281005859 88.939530849456787109 88.761562228202819824 88.58499908447265625 88.402342915534973145 88.184061169624328613 87.935312628746032715 87.684217214584350586 87.462968349456787109 87.253125667572021484 87.04687654972076416 86.832032442092895508 86.566251277923583984 86.27125096321105957 85.930469036102294922 85.258436918258666992 81.833904147148132324 75.937810659408569336 70.200312972068786621 64.698906064033508301 59.163124799728393555
84.381427219935829953 84.029531478881835938 84.100312948226928711 84.33484339714050293 85.398124575614929199 87.361563563346862793 89.320937395095825195 90.502654910087585449 90.95734405517578125 90.939376473426818848 90.708281040191650391 90.463437318801879883 90.22015678882598877 89.977656841278076172 89.732344746589660645 89.488280892372131348 89.242343544960021973 89.001718878746032715 88.774687647819519043 88.574218034744262695 88.379530668258666992 88.195937156677246094 88.012656450271606445 87.830468893051147461 87.616250038146972656 87.376719236373901367 87.160312414169311523 86.952498435974121094 86.743123888969421387 86.536875247955322266 86.323126316070556641 86.060001492500305176 85.73749995231628418 85.263749480247497559 84.593749165534973145 82.011561751365661621 76.58703148365020752 71.250782012939453125 65.869688034057617188 60.339531064033508301
90.561070442199707031 90.821092486381530762 91.289686679840087891 91.366874456405639648 91.393905997276306152 91.379845023155212402 91.13781273365020752 90.899062871932983398 90.674999713897705078 90.45374906063079834 90.228125452995300293 89.988906502723693848 89.743437886238098145 89.5 89.256562113761901855 89.011249661445617676 88.77374875545501709 88.558437943458557129 88.371407032012939453 88.178124904632568359 87.959218978881835938 87.738593697547912598 87.522969603538513184 87.314218521118164062 87.09593808650970459 86.870625853538513184 86.656407594680786133 86.445000767707824707 86.234687447547912598 86.027342081069946289 85.813749313354492188 85.537031650543212891 85.085156440734863281 84.472811341285705566 83.830624699592590332 81.98703157901763916 77.256562948226928711 72.026718974113464355 66.847343325614929199 61.691249251365661621
92.75196347917828632 92.417028903961181641 91.99296724796295166 91.594062209129333496 91.297968387603759766 91.019531488418579102 90.737031459808349609 90.462032675743103027 90.203438639640808105 89.967968940734863281 89.744843482971191406 89.511875033378601074 89.269061684608459473 89.023593306541442871 88.784061551094055176 88.562499403953552246 88.370156168937683105 88.197657108306884766 88.027813553810119629 87.840780973434448242 87.620000362396240234 87.396406292915344238 87.170467734336853027 86.946405172348022461 86.714531302452087402 86.476875066757202148 86.240155816078186035 86.004218578338623047 85.772188305854797363 85.548123836517333984 85.316404938697814941 84.965467929840087891 84.430782556533813477 83.873906731605529785 83.315937519073486328 81.863905549049377441 77.642343282699584961 72.587968707084655762 67.75562441349029541 62.992499232292175293
92.311963898794985539 91.989060521125793457 91.567498564720153809 91.208906650543212891 90.929218292236328125 90.646562576293945312 90.364998817443847656 90.083436965942382812 89.80093693733215332 89.527031421661376953 89.272656917572021484 89.035000085830688477 88.795312166213989258 88.567031502723693848 88.367656707763671875 88.192343831062316895 88.022500276565551758 87.853907108306884766 87.685000300407409668 87.501875400543212891 87.283437013626098633 87.059530019760131836 86.83359372615814209 86.60890662670135498 86.377968192100524902 86.143281340599060059 85.903749823570251465 85.663280725479125977 85.420469164848327637 85.18000030517578125 84.92171788215637207 84.55390632152557373 84.093438386917114258 83.60484468936920166 82.993750333786010742 81.789688229560852051 78.226562380790710449 73.507031798362731934 68.825312495231628418 64.119531512260437012
91.873034749712260805 91.560310244560241699 91.152186393737792969 90.837968707084655762 90.55656278133392334 90.275001287460327148 89.993438005447387695 89.710470080375671387 89.428125262260437012 89.145781397819519043 88.867654919624328613 88.601562023162841797 88.372031331062316895 88.18671882152557373 88.017500638961791992 87.847969532012939453 87.679531455039978027 87.510469317436218262 87.342031478881835938 87.161874294281005859 86.948905348777770996 86.722968697547912598 86.498906850814819336 86.271875858306884766 86.040469050407409668 85.80749964714050293 85.56999969482421875 85.329999685287475586 85.090000152587890625 84.847031354904174805 84.558592915534973145 84.184375166893005371 83.762812137603759766 83.308124899864196777 82.744062662124633789 81.778437614440917969 78.762969613075256348 74.247658133506774902 69.660782098770141602 65.068436503410339355
91.430177824837826961 91.131091952323913574 90.756717205047607422 90.466250181198120117 90.184531092643737793 89.90328061580657959 89.620468258857727051 89.339531183242797852 89.063125729560852051 88.796563386917114258 88.538593530654907227 88.285312294960021973 88.044531106948852539 87.845625519752502441 87.674375653266906738 87.504999995231628418 87.336093783378601074 87.16750037670135498 86.997968316078186035 86.822812080383300781 86.611093759536743164 86.387031912803649902 86.161094188690185547 85.934844374656677246 85.703281521797180176 85.470000505447387695 85.235624551773071289 84.996249556541442871 84.756250262260437012 84.507188081741333008 84.179687142372131348 83.797344326972961426 83.398750543594360352 82.957031846046447754 82.453750133514404297 81.70218813419342041 79.073906421661376953 74.587032675743103027 70.048127293586730957 65.708593785762786865
90.986784662519184508 90.706247925758361816 90.376874446868896484 90.094532251358032227 89.81328272819519043 89.535470247268676758 89.266250133514404297 89.004999756813049316 88.752344131469726562 88.504532217979431152 88.255001068115234375 88.006875038146972656 87.754844307899475098 87.517031669616699219 87.331094145774841309 87.162031173706054688 86.992499947547912598 86.823905706405639648 86.654999494552612305 86.48281252384185791 86.27499997615814209 86.050000667572021484 85.826406598091125488 85.596093535423278809 85.364531040191650391 85.131875276565551758 84.899375319480895996 84.663749575614929199 84.423593878746032715 84.152032732963562012 83.790625691413879395 83.407500505447387695 83.019843220710754395 82.600000143051147461 82.099376559257507324 81.49890744686126709 79.396718263626098633 74.902030706405639648 70.436095356941223145 66.257969558238983154
90.547498703002929688 90.299999117851257324 90.008593201637268066 89.736093282699584961 89.474843263626098633 89.221405744552612305 88.970155596733093262 88.72156214714050293 88.47453153133392334 88.225000381469726562 87.976875782012939453 87.729374885559082031 87.475156188011169434 87.222187161445617676 86.998749971389770508 86.819374561309814453 86.649531006813049316 86.480468034744262695 86.312030792236328125 86.140000224113464355 85.938282370567321777 85.713437318801879883 85.488905549049377441 85.259531736373901367 85.026562333106994629 84.794531345367431641 84.561874508857727051 84.327500224113464355 84.086093902587890625 83.778906106948852539 83.400156021118164062 83.015937089920043945 82.631874561309814453 82.233907938003540039 81.762814521789550781 81.317188501358032227 79.591406583786010742 74.98812556266784668 70.426250696182250977 66.24000018835067749
90.156963757106240109 89.95812523365020752 89.695313334465026855 89.438750028610229492 89.189373970031738281 88.940154910087585449 88.691561460494995117 88.444530844688415527 88.19499969482421875 87.946875095367431641 87.699375629425048828 87.450000762939453125 87.19609367847442627 86.943280577659606934 86.690156817436218262 86.47937464714050293 86.306093215942382812 86.137498855590820312 85.967967987060546875 85.797187089920043945 85.599218010902404785 85.378905653953552246 85.152343630790710449 84.921875 84.689532041549682617 84.456562638282775879 84.224531650543212891 83.992031097412109375 83.740156412124633789 83.398124098777770996 83.01640617847442627 82.634687304496765137 82.254218339920043945 81.873907089233398438 81.493594646453857422 81.155938625335693359 79.659219861030578613 75.002500176429748535 70.121719121932983398 65.897968292236328125
89.889642170497353391 89.736719250679016113 89.500156760215759277 89.21734309196472168 88.941405534744262695 88.673281192779541016 88.418281793594360352 88.165313005447387695 87.916875839233398438 87.669376373291015625 87.420001506805419922 87.170001506805419922 86.916250705718994141 86.663750290870666504 86.406719326972961426 86.164687156677246094 85.965623974800109863 85.794373989105224609 85.625 85.455313563346862793 85.26406252384185791 85.041094064712524414 84.81499946117401123 84.583906412124633789 84.35046839714050293 84.11953127384185791 83.886562943458557129 83.656875729560852051 83.405782341957092285 83.060938000679016113 82.688437223434448242 82.310000300407409668 81.934530258178710938 81.561094164848327637 81.19546806812286377 80.872812271118164062 79.649063348770141602 74.93046879768371582 69.495313048362731934 65.107031166553497314
89.659108025687075383 89.51906287670135498 89.336719155311584473 89.080314040184020996 88.788281559944152832 88.496093273162841797 88.208280563354492188 87.927811264991760254 87.657656431198120117 87.396250128746032715 87.142187714576721191 86.891875267028808594 86.636249065399169922 86.38374936580657959 86.129532217979431152 85.875312447547912598 85.637031197547912598 85.451094150543212891 85.282032012939453125 85.112501144409179688 84.926719307899475098 84.706406831741333008 84.477499485015869141 84.2454681396484375 84.013437628746032715 83.780624270439147949 83.55187535285949707 83.334218382835388184 83.090000271797180176 82.748906373977661133 82.383750677108764648 82.009843111038208008 81.631718635559082031 81.260155320167541504 80.890000462532043457 80.525938272476196289 79.341249465942382812 74.652812361717224121 68.89593803882598877 64.16125023365020752
89.430714334760395445 89.289999723434448242 89.129062771797180176 88.933124780654907227 88.661249518394470215 88.368282437324523926 88.075000643730163574 87.783124566078186035 87.491874337196350098 87.201562285423278809 86.915781617164611816 86.632656335830688477 86.361405849456787109 86.10437476634979248 85.850000381469726562 85.595155954360961914 85.342187285423278809 85.118750691413879395 84.939375758171081543 84.769531965255737305 84.58671879768371582 84.369062662124633789 84.140468239784240723 83.908124446868896484 83.675468087196350098 83.446249604225158691 83.228906154632568359 83.022343635559082031 82.77390599250793457 82.429375171661376953 82.069843411445617676 81.705312132835388184 81.330468654632568359 80.957656502723693848 80.580469369888305664 80.170156717300415039 78.856875300407409668 73.993593692779541016 68.172656714916229248 63.048592805862426758
89.200713838849750914 89.06000053882598877 88.902030229568481445 88.740000009536743164 88.524061918258666992 88.241718173027038574 87.948281288146972656 87.6568756103515625 87.36500084400177002 87.071562409400939941 86.769687294960021973 86.443437933921813965 86.133594036102294922 85.841405987739562988 85.572343349456787109 85.316092729568481445 85.063280820846557617 84.810157060623168945 84.59937584400177002 84.426094293594360352 84.247812390327453613 84.031405329704284668 83.803437471389770508 83.570468544960021973 83.339530825614929199 83.122343063354492188 82.91750025749206543 82.711249709129333496 82.451874256134033203 82.103592991828918457 81.74890601634979248 81.389843106269836426 81.024687290191650391 80.62734377384185791 80.186875700950622559 79.588750839233398438 77.238437652587890625 72.13781273365020752 66.901093244552612305 61.899217724800109863
88.971250534057617188 88.83046877384185791 88.673906803131103516 88.514999747276306152 88.346562504768371582 88.110782265663146973 87.821718692779541016 87.528436422348022461 87.237342357635498047 86.942030787467956543 86.61843717098236084 86.280938386917114258 85.963125109672546387 85.649843335151672363 85.341562747955322266 85.052343606948852539 84.785625219345092773 84.526718735694885254 84.28468787670135498 84.085624814033508301 83.907186985015869141 83.69499969482421875 83.465000152587890625 83.235624313354492188 83.016405820846557617 82.810624241828918457 82.60749971866607666 82.399999380111694336 82.132499337196350098 81.780155062675476074 81.424374103546142578 81.074843645095825195 80.715624094009399414 80.232968926429748535 79.680626273155212402 78.265158295631408691 74.803748846054077148 69.993280649185180664 65.20265662670135498 61.772187411785125732
88.742857251848491273 88.602032065391540527 88.444843888282775879 88.285156130790710449 88.127656459808349609 87.949062228202819824 87.693593740463256836 87.40171968936920166 87.109531402587890625 86.800780773162841797 86.456562638282775879 86.115938425064086914 85.799999475479125977 85.48640596866607666 85.170937657356262207 84.857656598091125488 84.550469040870666504 84.26421809196472168 83.997031092643737793 83.757031798362731934 83.566874861717224121 83.358281850814819336 83.129374504089355469 82.911718487739562988 82.705000519752502441 82.500625133514404297 82.297499895095825195 82.088750123977661133 81.814531087875366211 81.465468525886535645 81.120468258857727051 80.784531354904174805 80.424999713897705078 79.882032036781311035 79.044375419616699219 76.570937275886535645 72.773592114448547363 68.925624251365661621 66.789688050746917725 66.873281359672546387
88.513393538338803523 88.373906493186950684 88.215000152587890625 88.056093811988830566 87.899530768394470215 87.73874962329864502 87.54406130313873291 87.274530887603759766 86.976093769073486328 86.644218087196350098 86.29156196117401123 85.952031850814819336 85.63687443733215332 85.32156217098236084 85.008437514305114746 84.692969202995300293 84.379062056541442871 84.064687371253967285 83.759531617164611816 83.47453153133392334 83.237343311309814453 83.02250063419342041 82.806562662124633789 82.603281259536743164 82.403593063354492188 82.203750252723693848 82.009687662124633789 81.817968487739562988 81.555625081062316895 81.209689855575561523 80.860938429832458496 80.519843578338623047 80.145469307899475098 79.612812995910644531 78.636562585830688477 75.824998974800109863 72.835937857627868652 71.842343688011169434 72.339842915534973145 73.435624599456787109
88.285178048270083195 88.14484405517578125 87.985156416893005371 87.827968239784240723 87.670000076293945312 87.510000228881835938 87.347813010215759277 87.135000228881835938 86.829061985015869141 86.480468034744262695 86.127187728881835938 85.789218783378601074 85.472967982292175293 85.15906214714050293 84.843593478202819824 84.529531717300415039 84.215000152587890625 83.900468587875366211 83.586562991142272949 83.276250481605529785 82.992344260215759277 82.768594264984130859 82.576249837875366211 82.398437380790710449 82.22859346866607666 82.058280587196350098 81.889061808586120605 81.719686746597290039 81.487813115119934082 81.139846920967102051 80.777501821517944336 80.420468688011169434 80.053749561309814453 79.542655825614929199 78.78656315803527832 76.949374794960021973 75.905000925064086914 76.309061288833618164 77.18874812126159668 77.987342715263366699
