prac_1/FV_10m_DEM_filled_sml.asc
ncols        110
nrows        211
xllcorner    498130.000000000000
yllcorner    485365.000000000000
cellsize     10.000000000000
[rows 90 to 107 of 211, columns 0 to 39 of 110]
110.92071478707450183 110.76062524318695068 110.59437501430511475 110.47640514373779297 110.4329683780670166 110.4345325231552124 110.44156396389007568 110.44999778270721436 110.45843625068664551 110.4573436975479126 110.32609331607818604 110.05875110626220703 109.71140766143798828 109.26984453201293945 109.01953160762786865 108.79671835899353027 108.51765501499176025 108.16047012805938721 107.65453386306762695 107.07968926429748535 106.15421950817108154 101.84062552452087402 95.824998736381530762 90.021249890327453613 84.379531264305114746 78.518592476844787598 72.563906311988830566 66.583436310291290283 60.387655854225158691 52.951874732971191406 44.80609428882598877 38.695625662803649902 35.512499868869781494 36.23718726634979248 37.490625202655792236 38.386406302452087402 40.775937378406524658 46.500624477863311768 52.010625004768371582 56.873437881469726562
110.59107208251953125 110.48140788078308105 110.42547070980072021 110.42062389850616455 110.42843747138977051 110.43547022342681885 110.44453120231628418 110.45155990123748779 110.45999908447265625 110.44578099250793457 110.26124918460845947 109.98750114440917969 109.68546950817108154 109.29031229019165039 109.02937579154968262 108.76578140258789062 108.43656301498413086 108.0481266975402832 107.51375186443328857 106.9126579761505127 105.91296911239624023 101.66796815395355225 95.647655844688415527 89.739531874656677246 84.030000567436218262 78.191717982292175293 72.197188258171081543 66.139843761920928955 59.694375097751617432 52.039375066757202148 44.129531621932983398 38.016250014305114746 35.323749721050262451 36.752499878406524658 37.706093370914459229 38.482187807559967041 40.685781657695770264 46.128124773502349854 51.710312604904174805 56.72781217098236084
110.41250133514404297 110.40656518936157227 110.41453242301940918 110.42156112194061279 110.43000030517578125 110.43843948841094971 110.44546818733215332 110.45452916622161865 110.46156191825866699 110.41640555858612061 110.19249916076660156 109.91750144958496094 109.63328218460083008 109.30156159400939941 109.01374971866607666 108.69453096389770508 108.35328066349029541 107.93140578269958496 107.34218835830688477 106.66281318664550781 105.68718743324279785 101.58109354972839355 95.493282198905944824 89.558281421661376953 83.767500519752502441 77.829998373985290527 71.740468025207519531 65.63546907901763916 58.933593988418579102 51.151250839233398438 43.574843645095825195 37.717343688011169434 35.5076560378074646 37.08093714714050293 37.913280785083770752 38.585468471050262451 40.460000038146972656 45.447500765323638916 51.080468833446502686 56.480937361717224121
110.40125179290771484 110.40844070911407471 110.41546940803527832 110.42453038692474365 110.43156313896179199 110.44000160694122314 110.44843542575836182 110.4554668664932251 110.46265614032745361 110.37671792507171631 110.12249946594238281 109.84703278541564941 109.57000088691711426 109.27984333038330078 108.95687437057495117 108.61671960353851318 108.26609265804290771 107.78062331676483154 107.13546848297119141 106.48421955108642578 105.63312482833862305 101.84937524795532227 95.586875557899475098 89.500000715255737305 83.660157203674316406 77.578906416893005371 71.411719202995300293 65.244063079357147217 58.49734342098236084 50.976719379425048828 43.670468807220458984 37.736719369888305664 35.642968475818634033 37.26578134298324585 38.048437833786010742 38.688593804836273193 40.230781674385070801 44.861562728881835938 50.434843540191650391 55.985937654972076416
110.40035874502999036 110.40984654426574707 110.41843664646148682 110.4254680871963501 110.4345325231552124 110.44156396389007568 110.44999778270721436 110.45843625068664551 110.45609378814697266 110.31890535354614258 110.05093693733215332 109.77515733242034912 109.50312459468841553 109.2346881628036499 108.92453086376190186 108.5778127908706665 108.20640599727630615 107.66187500953674316 107.02046835422515869 106.38999998569488525 105.61312556266784668 102.26874995231628418 96.073906421661376953 89.73281252384185791 83.61531221866607666 77.495311975479125977 71.375624537467956543 65.268437981605529785 58.813593745231628418 51.616874992847442627 44.301874399185180664 38.003280580043792725 35.645468413829803467 37.279687345027923584 38.084999620914459229 38.744843780994415283 40.031250059604644775 44.329999387264251709 49.774374485015869141 55.219062507152557373
110.38214261191231458 110.40297019481658936 110.41859292984008789 110.42843747138977051 110.43547022342681885 110.44453120231628418 110.45155990123748779 110.45999908447265625 110.44453108310699463 110.25437283515930176 109.9801558256149292 109.70906293392181396 109.44468748569488525 109.18156290054321289 108.908905029296875 108.58828103542327881 108.21859383583068848 107.6640622615814209 106.99828064441680908 106.33515715599060059 105.60390651226043701 102.53609323501586914 96.123125791549682617 89.70531308650970459 83.664062380790710449 77.564219236373901367 71.472968697547912598 65.401405513286590576 59.089218616485595703 52.124218881130218506 44.968437433242797852 38.45937502384185791 35.600468456745147705 37.205624878406524658 38.071718573570251465 38.767187058925628662 39.875155806541442871 44.024686515331268311 49.327500045299530029 54.524218916893005371
110.34839207785469739 110.37406229972839355 110.40078151226043701 110.4228135347366333 110.43718934059143066 110.44546818733215332 110.45452916622161865 110.46156191825866699 110.41250061988830566 110.18577969074249268 109.91421866416931152 109.65015625953674316 109.38984358310699463 109.12890636920928955 108.86828100681304932 108.58687543869018555 108.23859322071075439 107.69749975204467773 107.03078138828277588 106.35124945640563965 105.62281239032745361 102.80390584468841553 96.125938296318054199 89.681562900543212891 83.746093153953552246 77.670157194137573242 71.597501277923583984 65.527969241142272949 59.318905770778656006 52.475156307220458984 45.544531166553497314 39.402656495571136475 35.558124661445617676 36.816718518733978271 37.996093809604644775 38.74921870231628418 39.809218943119049072 43.887187182903289795 49.143749475479125977 53.871562957763671875
110.31303501129150391 110.33843624591827393 110.36734378337860107 110.39500045776367188 110.42125070095062256 110.44296741485595703 110.45468556880950928 110.46218764781951904 110.3710942268371582 110.12093698978424072 109.85843777656555176 109.59546828269958496 109.33500051498413086 109.07499957084655762 108.81499993801116943 108.55281245708465576 108.24843740463256836 107.72781264781951904 107.03390645980834961 106.28062498569488525 105.52749931812286377 103.12984371185302734 96.881407260894775391 90.213437318801879883 83.916718721389770508 77.813437104225158691 71.735624432563781738 65.659687161445617676 59.525937139987945557 52.910468995571136475 46.340156495571136475 40.476562738418579102 36.113905847072601318 36.223593533039093018 37.858906328678131104 38.680312514305114746 39.706718862056732178 43.266562461853027344 48.239375054836273193 52.975937545299530029
110.27839238303047864 110.30406224727630615 110.3320314884185791 110.35999917984008789 110.38796913623809814 110.41578161716461182 110.44296872615814209 110.45171892642974854 110.3157808780670166 110.05875039100646973 109.79874992370605469 109.53812479972839355 109.27750015258789062 109.01749980449676514 108.75703060626983643 108.49421930313110352 108.21218788623809814 107.67500066757202148 106.90078139305114746 106.11437511444091797 105.41390633583068848 103.42046952247619629 97.621562480926513672 90.918438315391540527 84.346094489097595215 78.114844083786010742 72.004687309265136719 65.902343809604644775 59.81562507152557373 53.757031857967376709 47.33171921968460083 41.404375076293945312 37.037030994892120361 35.728593587875366211 37.566718637943267822 38.517968118190765381 39.459374725818634033 42.327344000339508057 47.151249885559082031 52.062499761581420898
110.24035658155169415 110.2685927152633667 110.29875004291534424 110.32874894142150879 110.36156213283538818 110.40015745162963867 110.4318767786026001 110.38562560081481934 110.2154686450958252 109.97703075408935547 109.7187497615814209 109.45687580108642578 109.19453120231628418 108.93171811103820801 108.67046833038330078 108.40890622138977051 108.11453104019165039 107.50484466552734375 106.7067183256149292 105.97812569141387939 105.3290637731552124 103.65093696117401123 98.209218740463256836 91.538280725479125977 84.912500977516174316 78.650467872619628906 72.571718215942382812 66.512187063694000244 60.480781376361846924 54.575000345706939697 48.1092185378074646 42.213281035423278809 38.092187881469726562 35.472499966621398926 37.194687426090240479 38.308593332767486572 39.177188098430633545 41.521563410758972168 46.235781371593475342 51.163124680519104004
110.21589429037911145 110.26328063011169434 110.29937422275543213 110.34406185150146484 110.39000082015991211 110.42593896389007568 110.37781298160552979 110.22437536716461182 110.04453122615814209 109.8506234884262085 109.62062430381774902 109.36171841621398926 109.10046863555908203 108.83890616893768311 108.57687485218048096 108.31453108787536621 107.97984325885772705 107.30718815326690674 106.53343689441680908 105.88968706130981445 105.2770310640335083 103.86453008651733398 98.692657589912414551 92.038751125335693359 85.502344369888305664 79.508749604225158691 73.601249933242797852 67.486874639987945557 61.36578136682510376 55.155468761920928955 48.668749749660491943 42.908906280994415283 38.892656385898590088 35.673281252384185791 36.687187135219573975 38.07937467098236084 38.925156116485595703 40.963125288486480713 45.51515662670135498 50.378124594688415527
110.30785805838448255 110.35906267166137695 110.37859344482421875 110.39687514305114746 110.41859400272369385 110.37218761444091797 110.21812450885772705 110.03874921798706055 109.8587489128112793 109.67859232425689697 109.49015557765960693 109.26437520980834961 109.00687515735626221 108.74453139305114746 108.48171865940093994 108.22046875953674316 107.8326570987701416 107.11187481880187988 106.41328036785125732 105.81156289577484131 105.21812450885772705 104.05968749523162842 99.160001635551452637 92.570937395095825195 86.157655835151672363 80.325000405311584473 74.633593201637268066 68.722656846046447754 62.578281283378601074 56.176718294620513916 49.567656397819519043 43.647187232971191406 39.552343845367431641 36.03046870231628418 36.158749818801879883 37.838125050067901611 38.701094269752502441 40.542031168937683105 45.005624949932098389 49.867499768733978271
110.34839262281145977 110.34015488624572754 110.30249917507171631 110.2448430061340332 110.20609426498413086 110.15609312057495117 110.00968670845031738 109.84328067302703857 109.66906237602233887 109.48999977111816406 109.30984354019165039 109.12390565872192383 108.90406250953674316 108.65015661716461182 108.38890671730041504 108.12296903133392334 107.67374968528747559 106.95296919345855713 106.327187180519104 105.73484385013580322 105.14765632152557373 104.19312441349029541 99.623593330383300781 93.129686951637268066 86.85109400749206543 81.116250991821289062 75.456249117851257324 69.76500093936920166 63.839687347412109375 57.456249713897705078 50.747031211853027344 44.448906540870666504 40.152500391006469727 36.442031562328338623 35.840468525886535645 37.553750038146972656 38.476719081401824951 40.125625312328338623 44.50843733549118042 49.38062441349029541
110.02892834799629895 109.96999812126159668 109.9001539945602417 109.83624935150146484 109.81125080585479736 109.83843708038330078 109.74718701839447021 109.59859240055084229 109.44515502452850342 109.28312504291534424 109.11531352996826172 108.93984425067901611 108.75718772411346436 108.54500067234039307 108.29421830177307129 108.01578199863433838 107.50484442710876465 106.84546852111816406 106.25265634059906006 105.67531275749206543 105.11656308174133301 104.24812412261962891 99.963749051094055176 93.660312771797180176 87.657655715942382812 81.974999904632568359 76.315000057220458984 70.656875371932983398 64.932187438011169434 58.591875016689300537 51.782030880451202393 45.226718664169311523 40.717656552791595459 37.03578108549118042 35.590468406677246094 37.265468835830688477 38.275781214237213135 39.663124918937683105 43.697187423706054688 48.459687650203704834
109.5989292689732082 109.53500103950500488 109.46765506267547607 109.41546881198883057 109.40906214714050293 109.47546839714050293 109.45953249931335449 109.32250022888183594 109.17406153678894043 109.02499854564666748 108.87406241893768311 108.72062647342681885 108.56078231334686279 108.3873443603515625 108.18406319618225098 107.90921938419342041 107.37640714645385742 106.77906298637390137 106.21734344959259033 105.66937482357025146 105.12546885013580322 104.30218780040740967 100.37812483310699463 94.468906521797180176 88.710936307907104492 83.037031292915344238 77.391250848770141602 71.772031903266906738 65.948437273502349854 59.411562263965606689 52.633906185626983643 46.009843766689300537 41.24203115701675415 37.624218583106994629 35.448906421661376953 37.07484358549118042 38.120155572891235352 39.243124485015869141 42.829531490802764893 47.652499735355377197
109.16321604592459948 109.10140836238861084 109.04609441757202148 108.99968647956848145 109.01437342166900635 109.09000015258789062 109.13828194141387939 109.04671943187713623 108.89796984195709229 108.7493748664855957 108.59984230995178223 108.45015549659729004 108.30187511444091797 108.15047037601470947 107.99437582492828369 107.77374982833862305 107.31718695163726807 106.77562510967254639 106.23499917984008789 105.69484353065490723 105.14656376838684082 104.37140727043151855 100.96343815326690674 95.373125076293945312 89.691562175750732422 84.067813754081726074 78.481251955032348633 72.899063229560852051 66.8832816481590271 60.206875324249267578 53.454218864440917969 46.782812535762786865 41.694999873638153076 38.090624809265136719 35.390624701976776123 36.876718401908874512 37.990624904632568359 39.021094024181365967 42.331250786781311035 47.114218533039093018
108.72767911638531757 108.67437517642974854 108.62921929359436035 108.58734238147735596 108.62093651294708252 108.69937562942504883 108.77421891689300537 108.7575000524520874 108.62203145027160645 108.47250127792358398 108.32406306266784668 108.17499923706054688 108.02546703815460205 107.87609350681304932 107.73296880722045898 107.57140600681304932 107.21906197071075439 106.75828230381011963 106.25671935081481934 105.71984362602233887 105.15422070026397705 104.41421961784362793 101.28499937057495117 95.815155982971191406 90.255469083786010742 84.710157275199890137 79.15093839168548584 73.659374237060546875 67.70671921968460083 61.208281457424163818 54.466093719005584717 47.605781316757202148 42.118593811988830566 38.535155892372131348 35.517655611038208008 36.616562426090240479 37.878906369209289551 38.863125085830688477 41.936563730239868164 46.585469722747802734
108.30089255741664545 108.26062464714050293 108.21109449863433838 108.17999899387359619 108.22890591621398926 108.30687534809112549 108.38499915599822998 108.43437445163726807 108.34499824047088623 108.19749975204467773 108.04796946048736572 107.89937639236450195 107.74984371662139893 107.60234260559082031 107.48046875 107.34515523910522461 107.01156127452850342 106.59593868255615234 106.1715618371963501 105.71452987194061279 105.1640632152557373 104.45984470844268799 101.61312484741210938 96.276092052459716797 90.765623688697814941 85.229531168937683105 79.749062776565551758 74.355467915534973145 68.35171818733215332 62.05421823263168335 55.391562283039093018 48.372500002384185791 42.542187988758087158 39.026093721389770508 35.883437037467956543 36.336718499660491943 37.772655725479125977 38.702812314033508301 41.463593780994415283 45.849063456058502197
