prac_1/FV_10m_DEM_filled_sml.asc
ncols        110
nrows        211
xllcorner    498130.000000000000
yllcorner    485365.000000000000
cellsize     10.000000000000
[rows 126 to 143 of 211, columns 40 to 79 of 110]
36.469062089920043945 38.714219033718109131 43.572968959808349609 49.250468730926513672 53.829062819480895996 58.242343723773956299 62.683750271797180176 67.129687368869781494 71.622187256813049316 76.646406054496765137 81.758124232292175293 83.647656083106994629 82.973593473434448242 82.219843626022338867 81.736094236373901367 81.736250400543212891 81.918125271797180176 82.345781445503234863 83.153280496597290039 84.183905601501464844 85.328125953674316406 86.480000734329223633 87.63046729564666748 88.764218330383300781 89.67109382152557373 90.377967357635498047 91.020623207092285156 91.480625629425048828 91.653125882148742676 91.800155878067016602 91.942969322204589844 92.090157032012939453 92.235312223434448242 92.378437280654907227 92.520937323570251465 92.584062695503234863 92.581092953681945801 92.574999332427978516 92.568749785423278809 92.56125032901763916
36.035937666893005371 38.022031784057617188 42.021405875682830811 47.866250395774841309 52.520781040191650391 56.82468724250793457 61.178749740123748779 65.531874537467956543 69.90999901294708252 74.664844155311584473 79.780625581741333008 82.852655529975891113 82.427187204360961914 81.695937156677246094 81.489531040191650391 81.573593974113464355 81.668437480926513672 81.815939068794250488 82.46484375 83.576717853546142578 84.730156898498535156 85.881094455718994141 87.033124089241027832 88.170155525207519531 89.072342276573181152 89.73249971866607666 90.360780954360961914 90.772343873977661133 90.94062507152557373 91.09296870231628418 91.24578249454498291 91.399842619895935059 91.560156106948852539 91.756251215934753418 91.956719636917114258 92.034844160079956055 92.053125381469726562 92.052812814712524414 92.048281431198120117 92.041094541549682617
35.685937345027923584 37.510937631130218506 40.701718747615814209 46.733437597751617432 51.428905963897705078 55.607031524181365967 59.910937488079071045 64.150936424732208252 68.332186341285705566 72.764063358306884766 77.744530797004699707 81.706405758857727051 81.967656373977661133 81.31312406063079834 81.128124594688415527 81.178593873977661133 81.267500042915344238 81.398906826972961426 81.878905534744262695 82.902343630790710449 84.063280582427978516 85.216562867164611816 86.367657184600830078 87.50375056266784668 88.399218916893005371 89.055937886238098145 89.696563482284545898 90.111250877380371094 90.282501935958862305 90.437499284744262695 90.594688296318054199 90.774062275886535645 91.002498269081115723 91.26703035831451416 91.424062728881835938 91.467031717300415039 91.498593926429748535 91.521094799041748047 91.524531960487365723 91.519531607627868652
35.482031583786010742 37.095625638961791992 39.645937561988830566 45.546405792236328125 50.432187497615814209 54.32593768835067749 58.448282182216644287 62.584218800067901611 66.724375665187835693 71.026407957077026367 75.864532470703125 80.36625063419342041 81.518906831741333008 80.975000500679016113 80.785780906677246094 80.737032413482666016 80.800312638282775879 80.992032170295715332 81.403124809265136719 82.201093435287475586 83.355937004089355469 84.526406645774841309 85.682656764984130859 86.818749427795410156 87.714061975479125977 88.37906181812286377 89.040781497955322266 89.461249351501464844 89.632969856262207031 89.798906803131103516 90.007189273834228516 90.265781998634338379 90.548437952995300293 90.781563282012939453 90.864531040191650391 90.897500514984130859 90.93000030517578125 90.962812304496765137 90.988436698913574219 90.996874809265136719
35.29828190803527832 36.775156974792480469 38.64468759298324585 44.026561975479125977 49.214218616485595703 53.10562509298324585 57.065156459808349609 61.074843943119049072 65.141876101493835449 69.328750371932983398 74.014999747276306152 78.73999941349029541 81.039218664169311523 80.719999551773071289 80.525937438011169434 80.388907432556152344 80.363906264305114746 80.618437290191650391 81.023437976837158203 81.585781097412109375 82.621562838554382324 83.80781245231628418 84.985000014305114746 86.132343173027038574 87.035155534744262695 87.72093808650970459 88.390624523162841797 88.815310835838317871 89.019218802452087402 89.259843945503234863 89.53703153133392334 89.81999969482421875 90.093593239784240723 90.252500176429748535 90.294999957084655762 90.327657103538513184 90.360469460487365723 90.393125057220458984 90.426718473434448242 90.455937027931213379
35.179062902927398682 36.613125264644622803 37.94703143835067749 42.504999935626983643 47.963906347751617432 52.005155980587005615 55.94515615701675415 59.885937273502349854 63.83546912670135498 67.847343921661376953 72.327031135559082031 77.150781035423278809 80.473749637603759766 80.653749465942382812 80.425469636917114258 80.155313730239868164 79.919531464576721191 80.204530596733093262 80.660781741142272949 81.108748435974121094 81.909530878067016602 83.066875338554382324 84.25468742847442627 85.423282027244567871 86.369219779968261719 87.073125004768371582 87.747968077659606934 88.230780720710754395 88.525155901908874512 88.808905243873596191 89.091093778610229492 89.375936746597290039 89.609061360359191895 89.691405296325683594 89.724998831748962402 89.758125543594360352 89.79187619686126709 89.823594212532043457 89.85703122615814209 89.8899993896484375
35.245937883853912354 36.561874866485595703 37.625000357627868652 40.989375531673431396 46.624374449253082275 50.863281667232513428 54.817968904972076416 58.772344350814819336 62.722344934940338135 66.679688870906829834 70.91015625 75.504842996597290039 79.539374828338623047 80.457188248634338379 80.056406140327453613 79.580469489097595215 79.218750596046447754 79.558905959129333496 80.153593659400939941 80.68187403678894043 81.287031292915344238 82.325624465942382812 83.505468845367431641 84.671250700950622559 85.699686527252197266 86.439530611038208008 87.114531159400939941 87.647186994552612305 88.042969703674316406 88.361406803131103516 88.648438572883605957 88.920937895774841309 89.078281164169311523 89.121874332427978516 89.154998779296875 89.188124656677246094 89.222499847412109375 89.256406784057617188 89.291875839233398438 89.32781219482421875
35.48328167200088501 36.519530713558197021 37.44312518835067749 39.612969100475311279 45.058594167232513428 49.683125495910644531 53.641406416893005371 57.578906118869781494 61.509843945503234863 65.481094241142272949 69.486093759536743164 73.837187647819519043 78.295469403266906738 79.892188429832458496 79.363593101501464844 78.813281059265136719 78.461875557899475098 78.80812537670135498 79.426249504089355469 80.037968039512634277 80.65890657901763916 81.576563000679016113 82.726561784744262695 83.885469794273376465 84.990780234336853027 85.806875467300415039 86.472031950950622559 86.987343430519104004 87.436093688011169434 87.854842424392700195 88.193437099456787109 88.43625032901763916 88.520156383514404297 88.554687261581420898 88.590937376022338867 88.62734377384185791 88.666092753410339355 88.705156087875366211 88.744844555854797363 88.779375672340393066
35.7189064621925354 36.301093459129333496 37.348281323909759521 38.727500617504119873 43.397031545639038086 48.387031078338623047 52.392187714576721191 56.306406319141387939 60.272812128067016602 64.289375126361846924 68.31109309196472168 72.511249780654907227 76.912969470024108887 79.418281316757202148 78.939218759536743164 78.21109306812286377 77.794375777244567871 77.999376177787780762 78.588750243186950684 79.201718568801879883 79.862031459808349609 80.795625090599060059 81.940623879432678223 83.09812629222869873 84.240624547004699707 85.16312563419342041 85.822500348091125488 86.317500472068786621 86.769531607627868652 87.222031354904174805 87.654219150543212891 87.905000090599060059 87.965936660766601562 88.005155444145202637 88.045000076293945312 88.085000872611999512 88.125 88.164842844009399414 88.198905706405639648 88.209999322891235352
36.020624756813049316 35.958906292915344238 37.189062654972076416 37.935156524181365967 41.303125143051147461 46.744375109672546387 51.090000450611114502 55.046250224113464355 59.024531006813049316 63.016249001026153564 67.057655811309814453 71.019062399864196777 75.175312280654907227 78.324688076972961426 78.600312590599060059 77.890937328338623047 77.388750553131103516 77.241094470024108887 77.715937376022338867 78.354375243186950684 79.043750286102294922 80.008123874664306641 81.155467629432678223 82.312032461166381836 83.466874003410339355 84.494842767715454102 85.172031998634338379 85.647655963897705078 86.103593707084655762 86.572812914848327637 87.040155768394470215 87.31499791145324707 87.415311932563781738 87.464842677116394043 87.504999160766601562 87.545000076293945312 87.584844589233398438 87.618905544281005859 87.629999637603759766 87.622499823570251465
36.67281186580657959 35.548593103885650635 36.91968691349029541 37.466874837875366211 39.29468768835067749 44.524687409400939941 49.622188270092010498 53.681562721729278564 57.652656078338623047 61.708749532699584961 65.753750145435333252 69.492343902587890625 73.066562175750732422 76.233124375343322754 77.916718006134033203 77.63171839714050293 77.118750095367431641 76.673906683921813965 76.916094064712524414 77.552499771118164062 78.238437891006469727 79.220936417579650879 80.37390601634979248 81.526719808578491211 82.682498335838317871 83.784218311309814453 84.51437532901763916 84.990311861038208008 85.470156550407409668 85.965156435966491699 86.433125019073486328 86.681561589241027832 86.819685220718383789 86.915311932563781738 86.964842677116394043 87.004842996597290039 87.037969708442687988 87.047968745231628418 87.042344331741333008 87.031562447547912598
38.129843592643737793 35.412342965602874756 36.267499208450317383 37.142811834812164307 37.967187106609344482 41.676406264305114746 47.282499969005584717 52.027031481266021729 56.124844193458557129 60.14203113317489624 64.032187104225158691 67.670624732971191406 71.203594088554382324 74.303905725479125977 76.555312871932983398 77.136875391006469727 76.601875543594360352 76.068594694137573242 76.317500472068786621 76.918750166893005371 77.554375171661376953 78.462812900543212891 79.601719021797180176 80.754844307899475098 81.906874179840087891 83.038437604904174805 83.862031817436218262 84.375781059265136719 84.873438000679016113 85.369999885559082031 85.813123941421508789 86.035938024520874023 86.181561827659606934 86.319685220718383789 86.415155649185180664 86.457812309265136719 86.46593785285949707 86.457655668258666992 86.450000405311584473 86.439687728881835938
40.088124990463256836 36.505312204360961914 35.404999613761901855 36.672031164169311523 37.364999771118164062 39.313905775547027588 44.462031304836273193 49.606250286102294922 53.916093826293945312 58.130781352519989014 62.126093924045562744 65.793282568454742432 69.407968878746032715 72.466561198234558105 74.72390592098236084 76.195468902587890625 76.018281698226928711 75.49156343936920166 75.750937461853027344 76.337812066078186035 76.977343440055847168 77.762344479560852051 78.847656130790710449 80 81.152187705039978027 82.290624499320983887 83.21890568733215332 83.78000032901763916 84.278126239776611328 84.775469422340393066 85.19312584400177002 85.39156186580657959 85.535938024520874023 85.682186603546142578 85.820154428482055664 85.882187128067016602 85.877500176429748535 85.867499947547912598 85.857656717300415039 85.847343325614929199
42.495468974113464355 38.242656230926513672 35.601874828338623047 35.868594229221343994 37.008750259876251221 37.927499771118164062 41.661562919616699219 46.899374902248382568 51.348750174045562744 55.734218835830688477 60.140469372272491455 63.950625956058502197 67.528906643390655518 70.866094112396240234 73.225313186645507812 74.74796903133392334 75.495000243186950684 75.225000262260437012 75.197968125343322754 75.772812247276306152 76.429531455039978027 77.127812862396240234 78.103437304496765137 79.248124599456787109 80.399062752723693848 81.527656197547912598 82.533280849456787109 83.170624494552612305 83.683125972747802734 84.181406974792480469 84.573126673698425293 84.746095776557922363 84.893749117851257324 85.046562552452087402 85.19515681266784668 85.280782341957092285 85.287500262260437012 85.277499079704284668 85.26734471321105957 85.254531502723693848
45.376718819141387939 39.847343564033508301 36.849531352519989014 35.270781397819519043 36.46234363317489624 37.227812290191650391 39.157656252384185791 44.01406174898147583 48.810468554496765137 53.352968394756317139 57.950937509536743164 62.156405985355377197 65.765156447887420654 69.224843978881835938 71.747656941413879395 73.211405754089355469 74.410780429840087891 74.830468535423278809 74.733906865119934082 75.212031364440917969 75.881407022476196289 76.54765629768371582 77.385468125343322754 78.497343182563781738 79.637187838554382324 80.756093382835388184 81.82624971866607666 82.544217705726623535 83.072656631469726562 83.578906655311584473 83.940157890319824219 84.107657432556152344 84.262030839920043945 84.419532299041748047 84.564688444137573242 84.665312290191650391 84.695468664169311523 84.687343478202819824 84.67499995231628418 84.661405324935913086
48.159063041210174561 41.904218673706054688 38.158281087875366211 35.785937845706939697 35.637813210487365723 36.80218803882598877 37.623281657695770264 41.173594117164611816 46.397344052791595459 51.048749744892120361 55.633281230926513672 60.150937378406524658 64.070937812328338623 67.593751072883605957 70.46500086784362793 72.06203162670135498 73.08468782901763916 73.854375720024108887 74.172812819480895996 74.594374537467956543 75.292343378067016602 75.981717944145202637 76.720467448234558105 77.743748784065246582 78.869686365127563477 79.990000009536743164 81.086405277252197266 81.880155563354492188 82.420937776565551758 82.930001020431518555 83.281874775886535645 83.47249901294708252 83.635625004768371582 83.794844150543212891 83.935312628746032715 84.034531116485595703 84.094374537467956543 84.095936775207519531 84.082188129425048828 84.067812085151672363
50.824843168258666992 44.682187378406524658 39.465781629085540771 37.016406714916229248 35.314063370227813721 36.152031660079956055 36.954374611377716064 38.905312657356262207 44.263125061988830566 49.138124525547027588 53.497343182563781738 57.961562216281890869 62.252968847751617432 65.96874922513961792 69.007967829704284668 70.814062714576721191 71.786875486373901367 72.49015653133392334 73.133436441421508789 73.877343535423278809 74.618749380111694336 75.327654480934143066 76.050312399864196777 77.005467891693115234 78.141405463218688965 79.269845247268676758 80.30390632152557373 81.112500190734863281 81.669062495231628418 82.118906497955322266 82.450624465942382812 82.735311985015869141 82.976719021797180176 83.166719317436218262 83.303281307220458984 83.401561975479125977 83.482812047004699707 83.502031087875366211 83.488592386245727539 83.474999666213989258
52.400937199592590332 46.679844141006469727 41.08156275749206543 38.025625169277191162 36.149687707424163818 35.336563169956207275 36.48874962329864502 37.423749864101409912 41.799062430858612061 47.321093380451202393 51.704843759536743164 55.988124608993530273 60.274531364440917969 64.142187952995300293 67.163281440734863281 69.261717677116394043 70.289062738418579102 70.818281650543212891 71.554687261581420898 72.336249351501464844 73.513592958450317383 74.495781779289245605 75.239843368530273438 76.256875276565551758 77.420624017715454102 78.488593935966491699 79.438749909400939941 80.289375185966491699 80.849686861038208008 81.206562042236328125 81.519061684608459473 81.832501053810119629 82.153126239776611328 82.450467824935913086 82.64640498161315918 82.756093263626098633 82.849687337875366211 82.895624876022338867 82.889999985694885254 82.879687070846557617
