prac_1/FV_10m_DEM_filled_sml.asc
ncols        110
nrows        211
xllcorner    498130.000000000000
yllcorner    485365.000000000000
cellsize     10.000000000000
[rows 108 to 125 of 211, columns 0 to 39 of 110]
107.88499941144671368 107.84484422206878662 107.79453158378601074 107.77500033378601074 107.83546912670135498 107.91499936580657959 107.99499905109405518 108.07078170776367188 108.05656206607818604 107.9206233024597168 107.77203023433685303 107.62249994277954102 107.47593867778778076 107.34656310081481934 107.24546992778778076 107.12250065803527832 106.79843676090240479 106.38000106811523438 105.97531342506408691 105.60656273365020752 105.18515634536743164 104.58171939849853516 102.12421917915344238 96.823282122611999512 91.287031054496765137 85.795625209808349609 80.498437643051147461 75.072031378746032715 68.975938022136688232 62.816875576972961426 56.25671839714050293 49.182187080383300781 43.071406245231628418 39.480469167232513428 36.210156261920928955 36.014530718326568604 37.642968416213989258 38.554218173027038574 41.156093776226043701 45.405938148498535156
107.47160679953438489 107.4254680871963501 107.37640619277954102 107.3729698657989502 107.4450000524520874 107.52499961853027344 107.60499954223632812 107.68500089645385742 107.73437535762786865 107.64406287670135498 107.49593663215637207 107.34781098365783691 107.21312558650970459 107.11031317710876465 107.01500093936920166 106.89890503883361816 106.57984185218811035 106.16359388828277588 105.781563401222229 105.42640590667724609 105.07156288623809814 104.66374993324279785 102.85812520980834961 97.769843935966491699 92.031563520431518555 86.50250089168548584 81.306093811988830566 75.781406521797180176 69.723593831062316895 63.692500591278076172 57.163593888282775879 50.062656044960021973 43.647500336170196533 39.903906643390655518 36.639843583106994629 35.698437392711639404 37.412187337875366211 38.39296877384185791 40.901875138282775879 45.202499926090240479
107.05482237679618152 107.00890564918518066 106.96187543869018555 106.97875022888183594 107.0549999475479126 107.13499915599822998 107.21500015258789062 107.29453229904174805 107.36749982833862305 107.35453259944915771 107.22046983242034912 107.08203113079071045 106.9729694128036499 106.87843823432922363 106.78406250476837158 106.66921830177307129 106.35906136035919189 105.95781207084655762 105.59546971321105957 105.24218666553497314 104.89187419414520264 104.55765581130981445 103.51125037670135498 99.047344088554382324 93.184999942779541016 87.362968325614929199 82.024843215942382812 76.526093482971191406 70.592187047004699707 64.586875438690185547 58.074532032012939453 50.956718862056732178 44.213749945163726807 40.284843802452087402 37.433749496936798096 35.442812561988830566 37.110469341278076172 38.221719086170196533 40.714999258518218994 45.159061729907989502
106.61893040793282239 106.58734428882598877 106.54984378814697266 106.58578157424926758 106.66499936580657959 106.74499905109405518 106.82312524318695068 106.9010932445526123 106.9801558256149292 107.03046965599060059 106.95015788078308105 106.83734440803527832 106.74156284332275391 106.64734399318695068 106.55249869823455811 106.43999946117401123 106.14203178882598877 105.76562440395355225 105.41687524318695068 105.08875000476837158 104.79484295845031738 104.53109407424926758 103.97015690803527832 100.24265670776367188 94.367812871932983398 88.407811760902404785 82.699843049049377441 77.167655825614929199 71.368592500686645508 65.451718389987945557 58.973594188690185547 51.819375276565551758 44.856093943119049072 40.652968525886535645 38.025937020778656006 35.446094274520874023 36.639063060283660889 37.972812891006469727 40.163281083106994629 44.847655951976776123
104.96464306967598645 106.12437617778778076 106.13968741893768311 106.20125043392181396 106.28234350681304932 106.36578118801116943 106.44671988487243652 106.52952980995178223 106.61109328269958496 106.6878122091293335 106.67468738555908203 106.59093832969665527 106.50234341621398926 106.41124987602233887 106.31953132152557373 106.21171927452087402 105.94359540939331055 105.6126561164855957 105.32093751430511475 105.04562520980834961 104.77781152725219727 104.50609409809112549 104.11656224727630615 101.33078086376190186 95.539063096046447754 89.504844546318054199 83.481093883514404297 77.720311880111694336 71.95406186580657959 66.147030413150787354 59.845468699932098389 52.761406302452087402 45.722968459129333496 41.030468583106994629 38.558124840259552002 35.860469281673431396 36.077969610691070557 37.724375605583190918 39.452656269073486328 44.101562440395355225
99.464643069675986453 105.12703120708465576 105.762656569480896 105.87546932697296143 105.96156346797943115 106.0459367036819458 106.13156342506408691 106.21593749523162842 106.30171859264373779 106.38031280040740967 106.36749935150146484 106.29000043869018555 106.20984327793121338 106.12828195095062256 106.04546856880187988 105.94125080108642578 105.74375128746032715 105.48562562465667725 105.21328139305114746 104.92765617370605469 104.64046812057495117 104.35281229019165039 104.12781143188476562 102.11296737194061279 96.167812943458557129 89.846405863761901855 83.862343788146972656 78.30343782901763916 72.549374938011169434 66.732656776905059814 60.590000510215759277 53.678437590599060059 46.641874969005584717 41.403593778610229492 38.983280837535858154 36.333749890327453613 35.662499964237213135 37.45203167200088501 38.6909371018409729 42.648281216621398926
92.096785409109926945 101.35859358310699463 105.37531197071075439 105.57718765735626221 105.6653134822845459 105.75140655040740967 105.83593690395355225 105.92156326770782471 106.00781238079071045 106.08093762397766113 106.049843430519104 105.9700007438659668 105.88999974727630615 105.80546927452087402 105.69453072547912598 105.54937565326690674 105.38187515735626221 105.18109345436096191 104.96109354496002197 104.72062575817108154 104.4609375 104.18656301498413086 103.99562406539916992 102.51921665668487549 96.862968325614929199 90.15015709400177002 84.272344470024108887 78.905312895774841309 73.123125195503234863 67.283594310283660889 61.268594264984130859 54.494687795639038086 47.492032170295715332 41.881719291210174561 39.288437366485595703 36.955780863761901855 35.299998819828033447 37.138906598091125488 38.194531559944152832 41.313750028610229492
86.548036166599814578 94.166876792907714844 103.93437480926513672 105.27125000953674316 105.36703073978424072 105.45453214645385742 105.53999936580657959 105.62593770027160645 105.71312582492828369 105.77390599250793457 105.72874939441680908 105.6484372615814209 105.55968689918518066 105.43765616416931152 105.28359341621398926 105.12328124046325684 104.95968735218048096 104.77968776226043701 104.57343757152557373 104.36546802520751953 104.15703189373016357 103.94125068187713623 103.74906241893768311 102.85859358310699463 97.844999194145202637 91.047656536102294922 84.967031359672546387 79.52312469482421875 73.692343354225158691 67.837500989437103271 61.914219439029693604 55.326093971729278564 48.460312485694885254 42.477500200271606445 39.541874885559082031 37.472031235694885254 35.294842958450317383 36.836093425750732422 37.875781118869781494 40.359999895095825195
84.604464258466450133 87.266251444816589355 98.778281331062316895 104.78265619277954102 105.06953144073486328 105.15750014781951904 105.24453151226043701 105.33203017711639404 105.42125070095062256 105.46296858787536621 105.39999938011169434 105.30406272411346436 105.1715620756149292 105.01500082015991211 104.85499966144561768 104.69484376907348633 104.53343749046325684 104.36562490463256836 104.17359316349029541 103.96249961853027344 103.75359416007995605 103.55281233787536621 103.38546788692474365 102.91140615940093994 98.75749969482421875 92.036093711853027344 85.762343168258666992 80.277187466621398926 74.439685940742492676 68.53265678882598877 62.616719305515289307 56.283280849456787109 49.495155692100524902 43.106093764305114746 39.761406481266021729 37.87421870231628418 35.542656302452087402 36.267968833446502686 37.644375443458557129 39.700312614440917969
83.380714552743100398 84.280157327651977539 91.684219241142272949 103.24187493324279785 104.83812618255615234 104.88703155517578125 104.95687532424926758 105.04078042507171631 105.12609410285949707 105.14734411239624023 105.04906177520751953 104.90500044822692871 104.74624955654144287 104.5862504243850708 104.42624986171722412 104.26609444618225098 104.10499978065490723 103.94187474250793457 103.76703119277954102 103.56437492370605469 103.35203051567077637 103.15171873569488525 103.02156245708465576 102.76515674591064453 99.596249938011169434 93.034062504768371582 86.582654953002929688 81.040155768394470215 75.310781717300415039 69.42046964168548584 63.569687843322753906 57.455625355243682861 50.689843833446502686 44.010780870914459229 40.020312249660491943 38.237500011920928955 35.97359389066696167 35.780625283718109131 37.408281445503234863 38.841250002384185791
80.843035697937011719 82.700156927108764648 86.427969813346862793 99.74765777587890625 104.69546961784362793 104.72140693664550781 104.76390671730041504 104.81765604019165039 104.85625040531158447 104.78937649726867676 104.639687180519104 104.48000061511993408 104.31999969482421875 104.15999984741210938 104 103.8395313024520874 103.67656254768371582 103.51453197002410889 103.34999978542327881 103.16359436511993408 102.95453178882598877 102.77187430858612061 102.68687427043914795 102.58828079700469971 100.33687520027160645 94.026563525199890137 87.419062376022338867 81.75031125545501709 76.162811636924743652 70.372656345367431641 64.561406493186950684 58.626406610012054443 52.007187604904174805 45.070624947547912598 40.283906340599060059 38.5317191481590271 36.658124983310699463 35.2856253981590271 37.004687190055847168 38.124218761920928955
78.897321428571430602 80.803750038146972656 83.312813043594360352 95.097187519073486328 104.45484280586242676 104.59578180313110352 104.63984429836273193 104.65703177452087402 104.55906355381011963 104.38640666007995605 104.21562492847442627 104.05062580108642578 103.88999974727630615 103.73000061511993408 103.56999969482421875 103.40999984741210938 103.24953150749206543 103.08609414100646973 102.92437469959259033 102.75531291961669922 102.55671894550323486 102.39968717098236084 102.33515751361846924 102.28624987602233887 100.76812446117401123 95.019844293594360352 88.297032356262207031 82.393437385559082031 76.774218201637268066 71.097342967987060547 65.41250002384185791 59.704844653606414795 53.299374580383300781 46.232968330383300781 40.734218955039978027 38.796094119548797607 37.2732810378074646 35.286718785762786865 36.459062278270721436 37.727343738079071045
78.197142328534809508 78.869686484336853027 80.82984316349029541 90.536875128746032715 103.62437534332275391 104.47031164169311523 104.47734344005584717 104.35562467575073242 104.16609334945678711 103.98390519618988037 103.80109286308288574 103.62671899795532227 103.46390616893768311 103.30375039577484131 103.14375019073486328 102.98328042030334473 102.82046818733215332 102.65812444686889648 102.49562454223632812 102.33359408378601074 102.16109371185302734 102.03968703746795654 101.9925001859664917 101.95906281471252441 101.0973440408706665 96.007188081741333008 89.253437995910644531 83.166251063346862793 77.610468149185180664 72.099530696868896484 66.585625588893890381 61.039062917232513428 54.764062225818634033 47.750312447547912598 41.608281314373016357 39.06687551736831665 37.739531755447387695 35.69890594482421875 35.794531285762786865 37.434531033039093018
77.922857420785092586 77.903750300407409668 78.327344298362731934 86.673282265663146973 102.56546902656555176 104.29593706130981445 104.15265572071075439 103.94765603542327881 103.76187551021575928 103.57796823978424072 103.39515554904937744 103.215781569480896 103.04046857357025146 102.87624990940093994 102.71562516689300537 102.55484366416931152 102.39203131198883057 102.23000061511993408 102.06578099727630615 101.89390599727630615 101.72250008583068848 101.63906180858612061 101.625 101.61406314373016357 101.21562516689300537 96.921250462532043457 90.291562795639038086 84.246719241142272949 78.860624790191650391 73.490780830383300781 68.067186295986175537 62.549999058246612549 56.280624926090240479 49.299062609672546387 42.666874825954437256 39.364062488079071045 38.075938045978546143 36.327031075954437256 35.332187235355377197 37.095155835151672363
77.61857114519391132 77.595468044281005859 77.541720032691955566 83.342344284057617188 100.20562517642974854 103.95968711376190186 103.73093700408935547 103.53812551498413086 103.35562574863433838 103.17500066757202148 102.99484431743621826 102.81343817710876465 102.6292191743850708 102.45421886444091797 102.28828132152557373 102.12515640258789062 101.95781302452087402 101.77703166007995605 101.58062493801116943 101.3753122091293335 101.19468724727630615 101.08875024318695068 101.08500051498413086 101.09109377861022949 100.91718685626983643 97.733125209808349609 91.449843525886535645 85.372968435287475586 79.932030797004699707 74.629062652587890625 69.316406369209289551 63.939374566078186035 57.83671879768371582 50.91171872615814209 44.065155982971191406 39.744061887264251709 38.341406166553497314 36.958437860012054443 35.15687483549118042 36.582812190055847168
77.29785646711077618 77.290156245231628418 77.237656474113464355 80.377968668937683105 96.822186946868896484 103.48671817779541016 103.31656253337860107 103.13484406471252441 102.9537501335144043 102.77203106880187988 102.58687508106231689 102.40078198909759521 102.21578192710876465 102.02984380722045898 101.84375059604644775 101.65406334400177002 101.44656312465667725 101.22984325885772705 101.0140615701675415 100.82468843460083008 100.65781331062316895 100.51812493801116943 100.48531174659729004 100.49171781539916992 100.47046852111816406 98.467187762260437012 92.682499527931213379 86.521874308586120605 80.98062431812286377 75.678592681884765625 70.389375209808349609 65.107656776905059814 59.350468456745147705 52.663749933242797852 45.658436954021453857 40.294062197208404541 38.575624525547027588 37.393905937671661377 35.522968530654907227 35.894374549388885498
76.961785588945659242 77.028281092643737793 76.824530124664306641 78.244218230247497559 92.740156054496765137 102.6171867847442627 102.88781225681304932 102.69843733310699463 102.50062525272369385 102.30265676975250244 102.10265600681304932 101.89968740940093994 101.69578194618225098 101.49078094959259033 101.29249989986419678 101.08875000476837158 100.86999893188476562 100.65249812602996826 100.45765554904937744 100.28843700885772705 100.12406265735626221 99.964687824249267578 99.89015650749206543 99.894531130790710449 99.904375076293945312 98.759218335151672363 93.815000176429748535 87.680468916893005371 82.041094064712524414 76.75343787670135498 71.505625724792480469 66.248125910758972168 60.62265545129776001 54.361719012260437012 47.428750038146972656 41.189999878406524658 38.785468339920043945 37.711874186992645264 36.019374489784240723 35.367343306541442871
76.387857709612163148 76.489843845367431641 76.120781302452087402 77.768280386924743652 89.065781712532043457 101.40796923637390137 102.35046863555908203 102.13406229019165039 101.92499959468841553 101.71671915054321289 101.50953137874603271 101.30046820640563965 101.0934375524520874 100.89124965667724609 100.7001570463180542 100.50578093528747559 100.29187250137329102 100.09109282493591309 99.91875004768371582 99.755782008171081543 99.593593478202819824 99.435623288154602051 99.318594813346862793 99.298906683921813965 99.305781722068786621 98.785938143730163574 94.639063239097595215 88.730624556541442871 83.134685993194580078 77.877812743186950684 72.645469784736633301 67.390157341957092285 61.785624802112579346 55.844062566757202148 49.313593566417694092 42.401875197887420654 39.107968330383300781 38.02249908447265625 36.711249768733978271 35.162030875682830811
